
0,31,22,94,65,93,36,71,32,87,65,79,31,76,70,21,
11,82,79,50,44,38,35,79,26,
10,48,61,65,35,99,
5,20,25,25,38,
14,
14,67,70,74,60,21,94,32,78,72,31,
10,61,39,95,25,91,73,44,88,
11,
15,
15,36,85,33,
3,64,
5,
16,
9,94,20,23,
5,94,68,47,
1,50,57,55,59,85,
10,
2,69,41,
15,49,28,52,60,73,87,86,36,22,50,70,50,
15,80
0,31,22,94,65,93,36,71,32,87,65,79,31,76,70,21,
11,82,79,50,44,38,35,79,26,
10,48,61,65,35,99,
5,20,25,25,38,
14,
14,67,70,74,60,21,94,32,78,72,31,
10,61,39,95,25,91,73,44,88,
11,
15,
15,36,85,33,
3,64,
5,
16,
9,94,20,23,
5,94,68,47,
1,50,57,55,59,85,
10,
2,69,41,
15,49,28,52,60,73,87,86,36,22,50,70,50,
15,80,34,98,86,29,72,57,90,91,
15,39,69,40,38,70,95,90,98,54,88,46,27,
7,88,41,70,54,37,
15,
3,22,56,44,60,89,25,24,
16,82,24,38,78,60,88,22,
16,
8,76,83,88,29,54,52,93,
8,
4,59,68,70,21,
12,
16,99,38,53,76,68,27,68,35,66,58,
14,95,90,32,90,40,76,
11,36,86,56,
10,52,75,97,
7,55,36,45,
2,90,56,58,53,57,
13,65,
16,99
0,31,22,94,65,93,36,71,32,87,65,79,31,76,70,21,
11,82,79,50,44,38,35,79,26,
10,48,61,65,35,99,
5,20,25,25,38,
14,
14,67,70,74,60,21,94,32,78,72,31,
10,61,39,95,25,91,73,44,88,
11,
15,
15,36,85,33,
3,64,
5,
16,
9,94,20,23,
5,94,68,47,
1,50,57,55,59,85,
10,
2,69,41,
15,49,28,52,60,73,87,86,36,22,50,70,50,
15,80,34,98,86,29,72,57,90,91,
15,39,69,40,38,70,95,90,98,54,88,46,27,
7,88,41,70,54,37,
15,
3,22,56,44,60,89,25,24,
16,82,24,38,78,60,88,22,
16,
8,76,83,88,29,54,52,93,
8,
4,59,68,70,21,
12,
16,99,38,53,76,68,27,68,35,66,58,
14,95,90,32,90,40,76,
11,36,86,56,
10,52,75,97,
7,55,36,45,
2,90,56,58,53,57,
13,65,
16,99,56,23,85,28,75,76,96,33,41,
4,89,35,63,29,79,28,
15,60,
10,57,97,69,96,50,98,26,35,39,46,44,59,42,94,75,36,49,34,40,
0,39,27,62,44,
15,43,73,85,67,49,39,56,
2,36,71,93,
13,49,45,
6,64,22,24,25,22,
18,59,79,
16,78,21,53,69,33,84,
15,99,98,74,39,
6,83,70,51,37,
4,65,75,91,20,65,58,
14,29,70,84,81,75,88,71,56